Image Height: 720
Image Width: 1280
fx: 912.04296875
fy: 910.96484375
cx: 641.5888671875
cy: 371.2182312011719
