Image Height: 1200
Image Width: 1680
fx: 1733.715936
fy: 1733.798609
cx: 835.155370
cy: 595.556940